Good weights
5, -4, -2, 0.5, 1, 0.5
-8.82216143857779, -3.9755795299871943, 3.0853046626604907, 2.363225772139522, 8.884700020453291, -9.368718419188822
2.07274080519673, -5.493892409452568, 5.7901460927479285, 4.8499970241223025, 6.557500648147332, 5.765866508665658
0.171839271753079, -2.495857269135171, -3.6103610701354416, -5.339110839734511, 9.860360512726224, 2.333934577140507
0.3407380241819915, -8.689599446694206, 3.3510085547249133, 6.713570691281127, 3.528937042533723, -9.98319612839239
-9.723352628735258, -7.796347505598389, 0.5082328675715466, -3.79864687818972, 5.965139792559047, 8.252008190641273
-1.0843292846896055, -5.1591171691236815, -7.308070163444671, -5.396722762519346, 4.3825349160019975, -0.9830234914645999
-9.2243794759489, -3.6729473435216287, 6.110328381855197, -3.7186770725961926, 5.9969884767031, 6.398525929710011
-6.374132142104072, -5.7037299253644225, -7.4702573558040175, 9.455985297443569, -2.422541289499307, 6.972714780769294
7.5162607123296254, -6.6204091331503845, -0.19416346327369105, -5.73852749798101, -4.732587220185702, 8.613058568683783





//
